#include <vector>
using namespace std;
const vector<vector<int>> WEIGHTS = {
    { 128, -64,  32,  16,  16,  32, -64, 128},
    { -64, -96,  -8,  -8,  -8,  -8, -96, -64},
    {  32,  -8,   4,   4,   4,   4,  -8,  32},
    {  16,  -8,   4,   0,   0,   4,  -8,  16},
    {  16,  -8,   4,   0,   0,   4,  -8,  16},
    {  32,  -8,   4,   4,   4,   4,  -8,  32},
    { -64, -96,  -8,  -8,  -8,  -8, -96, -64},
    { 128, -64,  32,  16,  16,  32, -64, 128}
};
